90.25 77.31 90.03 98.66 67.98 77.04 77.56 85.72 85.36 82.64 
64.24 93.09 68.70 66.53 73.26 71.66 88.71 90.55 100.55 60.18 
74.42 76.59 61.91 69.16 60.16 74.99 83.67 96.78 74.73 94.14 
82.43 66.69 66.24 79.45 72.35 92.71 88.15 84.27 99.05 62.23 
88.87 72.78 91.93 88.85 86.95 62.48 95.29 62.42 66.99 82.68 
82.04 80.74 92.75 95.42 70.23 78.71 92.65 93.42 68.81 93.36 
100.85 79.37 100.43 83.11 85.16 87.88 98.15 90.75 88.04 94.61 
71.98 85.70 92.09 85.30 98.56 80.67 83.29 90.87 73.05 77.91 
97.81 90.02 77.85 86.61 99.12 96.91 75.58 73.71 94.60 91.57 
71.51 90.41 74.81 62.36 65.75 79.62 66.28 75.53 68.20 76.10 
86.73 69.70 78.10 99.94 91.73 71.82 83.02 89.03 61.93 72.43 
62.84 65.98 79.52 69.81 80.35 63.39 97.62 84.46 86.69 77.43 
71.30 94.40 80.57 94.10 73.40 66.74 94.23 70.77 68.03 75.43 
74.04 63.03 99.69 87.69 82.39 78.58 82.75 84.42 83.69 82.38 
93.66 71.24 68.96 66.55 63.89 70.97 86.96 76.51 93.91 69.96 
64.78 64.72 65.19 67.79 91.14 62.18 69.45 82.86 73.43 80.38 
96.57 81.07 68.62 96.34 64.69 68.40 93.10 76.45 61.56 92.90 
77.26 76.69 84.01 67.02 97.95 65.06 90.05 89.80 75.97 96.93 
84.38 87.47 82.43 65.44 75.67 65.70 78.84 93.67 66.15 62.08 
88.75 88.76 62.39 68.13 94.03 72.73 84.45 99.91 86.77 65.57 
79.45 64.36 94.24 85.74 63.60 98.40 67.41 65.53 61.70 81.18 
89.98 85.79 95.90 76.39 62.17 93.30 62.36 77.57 69.10 74.97 
85.93 68.78 63.89 86.86 98.11 64.44 90.05 88.52 97.36 67.63 
66.52 95.37 68.99 71.55 69.34 96.56 72.72 60.24 79.39 88.09 
83.47 76.09 68.89 63.27 71.05 80.64 75.95 64.51 70.49 66.66 
80.21 82.13 71.54 67.05 89.36 85.07 73.56 82.51 93.40 99.35 
90.37 93.26 69.40 87.65 81.51 96.85 88.93 82.64 85.43 74.21 
96.49 85.86 79.81 76.76 94.65 71.18 67.03 63.84 96.94 63.32 
81.37 84.65 70.95 99.61 84.93 78.67 91.88 97.35 84.10 65.28 
73.21 84.74 82.35 78.39 79.60 82.08 78.02 80.65 64.30 84.69 
82.36 82.26 73.59 76.64 78.52 62.26 73.81 81.77 86.74 95.43 
80.99 79.86 91.51 62.69 80.86 95.68 71.33 82.17 94.49 68.87 
65.74 86.28 81.09 98.89 61.85 93.57 77.83 63.90 92.11 100.61 
65.35 96.89 92.64 82.06 65.03 97.12 90.91 62.29 75.45 73.43 
89.99 65.28 64.89 80.11 61.17 71.64 85.83 70.69 79.29 81.96 
62.71 92.23 97.04 62.15 76.90 79.11 95.04 93.67 87.45 63.02 
68.41 90.00 90.95 86.05 75.36 60.41 83.42 65.20 68.52 66.82 
86.69 88.73 84.20 73.20 63.89 81.19 63.61 60.37 71.84 71.75 
93.79 89.04 97.91 72.28 97.94 76.12 93.65 62.90 77.45 97.32 
87.55 84.23 76.48 75.56 67.97 81.08 65.94 65.23 68.59 92.67 
77.95 69.13 