23.95 27.84 19.83 54.77 5.18 41.96 44.95 40.91 16.84 59.85 
55.66 46.04 29.71 52.24 9.68 59.95 29.85 46.42 19.10 6.36 
39.36 29.68 34.50 39.54 14.50 24.83 33.40 46.27 14.32 29.08 
52.26 12.52 25.83 20.15 31.19 55.93 28.32 45.48 11.11 42.51 
33.81 5.35 56.47 33.26 25.11 42.05 1.48 16.04 29.56 37.27 
13.70 30.42 7.42 46.86 57.74 54.87 59.90 52.19 38.35 56.55 
30.16 57.34 11.78 44.49 35.89 44.97 37.06 6.79 24.93 52.52 
43.07 1.15 6.98 36.01 7.57 16.36 56.90 14.71 30.00 12.49 
43.87 49.86 23.27 21.68 34.81 3.37 4.13 25.76 19.50 17.52 
52.56 52.25 58.75 43.91 14.69 36.43 26.19 11.98 59.91 41.18 
32.67 57.24 41.03 35.61 3.99 41.34 8.00 35.05 41.27 57.59 
47.70 12.82 5.81 46.66 1.53 30.96 12.51 19.34 34.66 7.70 
38.21 5.26 41.20 48.45 19.52 52.32 59.32 51.91 5.56 48.34 
28.76 54.69 52.13 8.02 1.50 41.31 57.39 35.16 11.54 31.97 
35.89 15.80 26.78 40.82 3.73 47.28 23.29 37.18 41.47 30.31 
30.81 35.92 28.49 30.41 58.68 2.01 46.87 34.23 25.08 36.96 
24.02 33.82 22.97 59.34 58.27 21.18 25.17 59.08 3.70 27.89 
38.62 20.14 28.45 28.17 21.15 17.90 59.74 53.87 49.57 21.66 
9.55 3.18 29.74 35.20 53.91 18.68 56.80 56.61 57.75 41.17 
16.98 24.79 23.84 7.95 51.96 7.51 25.01 24.42 7.93 47.27 
40.81 56.50 9.48 27.50 1.41 36.06 3.60 28.32 48.87 44.75 
24.76 13.49 20.64 53.67 44.43 58.92 46.54 38.82 46.45 45.75 
56.24 9.77 36.28 57.38 34.86 15.67 59.10 44.74 32.34 57.24 
52.83 51.99 2.31 58.94 12.46 58.75 58.00 25.83 26.97 4.84 
35.74 44.79 34.54 26.65 18.35 41.32 48.59 21.83 4.83 37.19 
7.41 2.02 28.88 52.24 59.77 8.26 9.24 18.86 33.10 35.21 
22.71 33.48 53.85 12.71 47.70 38.37 42.21 4.03 14.13 24.87 
6.04 57.15 24.58 25.60 3.85 48.17 11.12 56.42 2.24 6.74 
54.15 50.15 3.85 16.18 15.56 13.13 16.45 3.25 57.67 6.28 
46.47 47.40 17.25 22.37 5.38 9.26 28.20 53.52 44.87 3.52 
13.08 6.37 41.05 15.72 48.38 17.97 13.08 56.58 54.44 59.22 
55.33 37.01 27.11 14.88 54.31 33.45 41.13 54.73 38.82 37.36 
48.22 12.97 3.80 29.93 31.90 4.14 25.14 41.56 42.99 24.97 
38.85 3.02 46.64 1.23 6.67 2.57 52.88 50.89 45.28 52.76 
20.68 28.25 45.37 57.19 58.86 48.51 49.49 46.52 9.87 30.14 
56.62 35.22 41.56 33.17 50.72 30.28 38.84 13.61 24.70 29.01 
45.26 44.30 42.38 52.19 27.74 27.20 44.07 39.75 16.46 28.80 
12.83 21.46 10.57 20.26 33.19 58.11 9.32 45.33 37.34 13.32 
14.71 44.29 23.59 41.46 5.74 28.50 57.48 55.52 6.89 42.62 
5.66 25.40 2.69 36.42 44.36 29.73 50.13 52.32 54.11 20.67 
26.16 30.91 16.43 22.33 12.21 27.05 16.87 51.46 58.29 52.95 
14.21 51.30 6.47 19.71 51.08 5.41 26.59 54.54 59.95 38.68 
47.88 9.00 20.21 57.86 51.56 43.94 1.87 28.81 42.41 48.97 
52.53 7.93 54.81 42.44 50.45 21.91 33.18 55.38 31.79 39.31 
25.88 16.77 46.75 29.85 40.93 2.06 22.28 13.55 3.17 20.48 
54.89 37.82 36.19 44.30 31.89 34.25 36.08 16.39 44.05 53.32 
16.97 11.26 46.75 19.27 32.54 59.30 21.45 42.31 42.65 51.48 
44.23 22.64 50.19 23.09 29.46 19.86 19.97 42.78 18.47 49.35 
1.67 46.36 34.84 37.68 53.12 32.74 13.93 37.09 55.24 49.41 
15.84 14.74 10.52 8.64 29.50 50.42 14.59 47.00 26.48 15.80 
35.36 49.64 10.11 41.86 2.93 4.99 20.69 29.25 53.41 44.09 
8.57 59.07 16.14 17.05 42.53 11.84 34.58 24.01 7.21 29.41 
51.81 11.59 31.34 15.71 14.56 43.96 50.57 2.61 17.36 21.21 
50.57 12.29 54.26 33.83 52.10 49.20 14.78 18.94 43.20 34.24 
29.53 37.06 48.95 7.64 50.62 55.43 6.81 53.27 36.27 14.28 
11.08 31.06 1.03 21.77 15.66 1.77 27.38 15.56 45.32 21.28 
37.38 20.86 7.54 34.01 26.27 3.34 37.57 45.05 53.36 24.31 
21.85 36.56 51.91 14.80 56.58 15.57 36.77 2.51 10.35 22.28 
46.73 56.64 53.28 30.33 45.44 32.67 38.23 24.12 45.80 7.54 
30.17 10.36 28.44 58.40 3.56 36.50 27.14 11.94 